0,-3.09439420393698
3.33333333333333e-09,-2.6003717938289
6.66666666666667e-09,-8.93359493232641
1e-08,7.41149691622924
1.33333333333333e-08,17.6999874647047
1.66666666666667e-08,16.7161062568363
2e-08,-4.76506389913977
2.33333333333333e-08,-18.2064213581624
2.66666666666667e-08,-35.7561290247559
3e-08,-12.2992620179409
3.33333333333333e-08,29.1260215639623
3.66666666666667e-08,53.5556638321936
4e-08,10.494435713832
4.33333333333333e-08,-3.07223865601608
4.66666666666667e-08,8.65382016720678
5e-08,-6.60588760565295
5.33333333333333e-08,-70.8765904030182
5.66666666666667e-08,-123.094977258997
6e-08,-51.3801887523021
6.33333333333333e-08,172.440017366969
6.66666666666667e-08,302.878641509166
7e-08,147.51404966007
7.33333333333333e-08,-216.383401126058
7.66666666666667e-08,-448.142905009477
8e-08,-267.95416476288
8.33333333333333e-08,166.578475102563
8.66666666666667e-08,415.201735180899
9e-08,266.025015081999
9.33333333333333e-08,4.25271659792937
9.66666666666667e-08,-38.0178446473076
1e-07,30.5225355748633
1.03333333333333e-07,-231.563892657932
1.06666666666667e-07,-742.326976158082
1.1e-07,-746.033976172953
1.13333333333333e-07,347.946679525706
1.16666666666667e-07,1781.9849471475
1.2e-07,1890.32364742753
1.23333333333333e-07,-150.697663066468
1.26666666666667e-07,-2779.37614853571
1.3e-07,-3239.40083290871
1.33333333333333e-07,-468.818873940586
1.36666666666667e-07,3294.85191758043
1.4e-07,4387.91083108145
1.43333333333333e-07,1434.65301785775
1.46666666666667e-07,-3007.64678764372
1.5e-07,-4864.70247483243
1.53333333333333e-07,-2497.35543900289
1.56666666666667e-07,1822.72012685274
1.6e-07,4351.72518183548
1.63333333333333e-07,3290.2722338518
1.66666666666667e-07,0.0938213804255241
1.7e-07,-2814.47354189401
1.73333333333333e-07,-3475.56311241908
1.76666666666667e-07,-1980.96281288395
1.8e-07,613.82294336046
1.83333333333333e-07,2878.3390061512
1.86666666666667e-07,3516.40574605802
1.9e-07,1775.03496319725
1.93333333333333e-07,-1595.18665340625
1.96666666666667e-07,-4198.5431231196
2e-07,-3724.42701716279
2.03333333333333e-07,-98.4690547068967
2.06666666666667e-07,3873.46782591032
2.1e-07,4825.20209801209
2.13333333333333e-07,1811.56253781017
2.16666666666667e-07,-2698.02286813341
2.2e-07,-4959.78893221913
2.23333333333333e-07,-3195.4286942465
2.26666666666667e-07,1046.87999299952
2.3e-07,4298.22488210656
2.33333333333333e-07,4026.45173338676
2.36666666666667e-07,623.878281129937
2.4e-07,-3118.22742132544
2.43333333333333e-07,-4236.46451196496
2.46666666666667e-07,-1967.76448836324
2.5e-07,1746.89710048584
2.53333333333333e-07,3857.68654900797
2.56666666666667e-07,2747.83423678151
2.6e-07,-453.700449782513
2.63333333333333e-07,-2995.618434762
2.66666666666667e-07,-2908.63326484279
2.7e-07,-583.096763267879
2.73333333333333e-07,1814.50555592752
2.76666666666667e-07,2466.66457806022
2.8e-07,1277.65702694868
2.83333333333333e-07,-474.574162070231
2.86666666666667e-07,-1550.92544529983
2.9e-07,-1525.99389458338
2.93333333333333e-07,-752.113984187915
2.96666666666667e-07,372.678031363058
3e-07,1318.32929403366
3.03333333333333e-07,1569.31106328886
3.06666666666667e-07,811.853610165813
3.1e-07,-596.17867758659
3.13333333333333e-07,-1792.69798500433
3.16666666666667e-07,-1779.68531152658
3.2e-07,-435.045331670945
3.23333333333333e-07,1312.81809906961
3.26666666666667e-07,2219.61692741332
3.3e-07,1567.60799329428
3.33333333333333e-07,-267.044305946993
3.36666666666667e-07,-2043.9060482283
3.4e-07,-2459.58884022638
3.43333333333333e-07,-1075.07096085884
3.46666666666667e-07,1293.88207139406
3.5e-07,2901.19549162245
3.53333333333333e-07,2372.94959873755
3.56666666666667e-07,-138.532177741993
3.6e-07,-2798.15653944648
3.63333333333333e-07,-3410.34000614828
3.66666666666667e-07,-1191.14119290611
3.7e-07,2282.85029536379
3.73333333333333e-07,4139.25640425034
3.76666666666667e-07,2493.60006953418
3.8e-07,-1597.71800792086
3.83333333333333e-07,-4684.82525477816
3.86666666666667e-07,-3704.97522687521
3.9e-07,909.229463353825
3.93333333333333e-07,5211.2142892815
3.96666666666667e-07,4904.52536545837
4e-07,-309.384122126602
4.03333333333333e-07,-5798.56485463512
4.06666666666667e-07,-6109.58054163914
4.1e-07,-349.249598392615
4.13333333333333e-07,6356.09720455779
4.16666666666667e-07,7373.15734910877
4.2e-07,1212.58977154602
4.23333333333333e-07,-6600.72841997526
4.26666666666667e-07,-8528.61999450948
4.3e-07,-2447.64308403216
4.33333333333333e-07,6218.25600554588
4.36666666666667e-07,9400.32189665261
4.4e-07,4022.67195824073
4.43333333333333e-07,-5066.46256976691
4.46666666666667e-07,-9704.45246916809
4.5e-07,-5783.89963307892
4.53333333333333e-07,3252.26365847262
4.56666666666667e-07,9403.83460625322
4.6e-07,7363.33561974187
4.63333333333333e-07,-1090.24476894239
4.66666666666667e-07,-8612.91999503997
4.7e-07,-8554.2968143115
4.73333333333333e-07,-882.60738145415
4.76666666666667e-07,7651.13230622454
4.8e-07,9223.79884007216
4.83333333333333e-07,2250.25572716903
4.86666666666667e-07,-6864.7324707679
4.9e-07,-9465.39160937498
4.93333333333333e-07,-2894.42460722408
4.96666666666667e-07,6530.68038429306
5e-07,9458.70202709676
5.03333333333333e-07,2926.8486953989
5.06666666666667e-07,-6567.95886147909
5.1e-07,-9422.78368590108
5.13333333333333e-07,-2762.93641932112
5.16666666666667e-07,6690.69514057662
5.2e-07,9424.09281204957
5.23333333333333e-07,2793.86305999085
5.26666666666667e-07,-6516.59658501648
5.3e-07,-9350.04044394766
5.33333333333333e-07,-3171.57793232948
5.36666666666667e-07,5776.05303458732
5.4e-07,8989.22846021916
5.43333333333333e-07,3895.92018786473
5.46666666666667e-07,-4359.92938690803
5.5e-07,-8269.06560658218
5.53333333333333e-07,-4776.66301281392
5.56666666666667e-07,2535.04075011498
5.6e-07,7212.31863269616
5.63333333333333e-07,5603.42471047201
5.66666666666667e-07,-606.93038894785
5.7e-07,-6070.81550335357
5.73333333333333e-07,-6303.14398769039
5.76666666666667e-07,-1194.9225995465
5.8e-07,4963.77912361107
5.83333333333333e-07,6929.37411911602
5.86666666666667e-07,2778.46734761123
5.9e-07,-4046.70154561805
5.93333333333333e-07,-7472.93022167525
5.96666666666667e-07,-4144.05481817797
6e-07,3192.22460707742
6.03333333333333e-07,7905.13000400788
6.06666666666667e-07,5443.45551876181
6.1e-07,-2258.58928209988
6.13333333333333e-07,-8178.18812338332
6.16666666666667e-07,-6641.29401038494
6.2e-07,1169.27401520708
6.23333333333333e-07,8100.17223235414
6.26666666666667e-07,7645.27575859289
6.3e-07,73.108105837701
6.33333333333333e-07,-7654.56255185447
6.36666666666667e-07,-8334.96133433897
6.4e-07,-1331.03854531955
6.43333333333333e-07,6876.44164243658
6.46666666666667e-07,8670.84378262111
6.5e-07,2453.43760507674
6.53333333333333e-07,-5898.83359845487
6.56666666666667e-07,-8611.28650173912
6.6e-07,-3339.83187481088
6.63333333333333e-07,4798.2882830055
